 1.409000
	 1.417200
	 0.671500
	 -1.207500
	 0.717200
	 1.000000
	 0.488900
	 1.034700
	 0.726900
	 -0.303400
	 0.293900
	 -0.787300
	 0.888400
	 -1.147100
	 -1.068900
	 1.489700
	 1.417200
	 0.671500
	 -1.207500
	 0.717200
	 1.000000
	 0.488900
	 2.000000
	 0.726900
	 -0.303400
	 0.293900
	 -0.787300
	 0.888400
	 -1.147100
	 -1.068900
	 1.489700
	 1.409000
	 0.671500
	 -1.207500
	 0.717200
	 1.000000
	 0.488900
	 2.000000
	 0.726900
	 3.000000
	 0.293900
	 -0.787300
	 0.888400
	 -1.147100
	 -1.068900
	 1.489700
	 1.409000
	 1.417200
	